Distance Predictions: 
[[0.        5.8100286 3.1773403 3.0780046 3.78201   5.703395  7.957698
  6.850662  5.681093 ]
 [5.8100286 0.        6.5937395 6.99535   4.4591227 7.3989887 6.939454
  9.659739  6.608781 ]
 [3.1773403 6.5937395 0.        3.8470929 5.878338  7.2572904 6.0147114
  4.8588142 5.0308824]
 [3.0780046 6.99535   3.8470929 0.        6.5844893 5.1673203 6.11599
  5.5663676 7.351531 ]
 [3.78201   4.4591227 5.878338  6.5844893 0.        5.810918  9.544834
  8.552     6.346018 ]
 [5.703395  7.3989887 7.2572904 5.1673203 5.810918  0.        7.4768796
  5.5220723 6.2429237]
 [7.957698  6.939454  6.0147114 6.11599   9.544834  7.4768796 0.
  6.7751613 6.4892817]
 [6.850662  9.659739  4.8588142 5.5663676 8.552     5.5220723 6.7751613
  0.        6.1660776]
 [5.681093  6.608781  5.0308824 7.351531  6.346018  6.2429237 6.4892817
  6.1660776 0.       ]]

Depth Predictions: 
[ 4.7221055  4.313671   2.923074   5.1096935  9.400502  11.4063015
  7.4515905  7.035993  15.242061 ]