Distance Predictions: 
[[ 0.        19.721415   4.948209   2.9602635 14.277647  12.666752
  10.172152  11.170233  14.298198 ]
 [19.721415   0.        15.243352  19.536104   9.442624  15.267268
  10.855985  18.357212  23.14296  ]
 [ 4.948209  15.243352   0.         4.9354124 10.161495  13.804148
  10.040373   8.553877  16.918701 ]
 [ 2.9602635 19.536104   4.9354124  0.        14.532979  13.676578
  13.529552  12.954748  14.495291 ]
 [14.277647   9.442624  10.161495  14.532979   0.        10.824877
   7.0717435 12.528628  15.387918 ]
 [12.666752  15.267268  13.804148  13.676578  10.824877   0.
  11.335757  18.92966   20.422903 ]
 [10.172152  10.855985  10.040373  13.529552   7.0717435 11.335757
   0.         9.288034  13.377882 ]
 [11.170233  18.357212   8.553877  12.954748  12.528628  18.92966
   9.288034   0.        19.667082 ]
 [14.298198  23.14296   16.918701  14.495291  15.387918  20.422903
  13.377882  19.667082   0.       ]]

Depth Predictions: 
[ 9.681469  13.826614   4.7657814  9.574599  18.367004  13.937085
 11.125937   9.946033  11.68529  ]