Distance Predictions:
[[0.0000000e+00 1.3806734e-12 6.5769612e-13 6.5081274e-13 1.2010393e-12
  8.4687812e-13 8.1024076e-13 6.2660988e-13 1.4386270e-12]
 [1.3806734e-12 0.0000000e+00 7.3319129e-13 1.0820234e-12 9.5945474e-13
  1.2518875e-12 1.8116619e-12 1.3966606e-12 1.1481927e-12]
 [6.5769612e-13 7.3319129e-13 0.0000000e+00 5.6332716e-13 6.6813222e-13
  6.9544370e-13 9.6700425e-13 6.5059069e-13 9.5323749e-13]
 [6.5081274e-13 1.0820234e-12 5.6332716e-13 0.0000000e+00 9.9253938e-13
  8.1645801e-13 9.0949470e-13 6.9522166e-13 9.7033492e-13]
 [1.2010393e-12 9.5945474e-13 6.6813222e-13 9.9253938e-13 0.0000000e+00
  6.5036865e-13 1.4801493e-12 9.4257935e-13 1.0440537e-12]
 [8.4687812e-13 1.2518875e-12 6.9544370e-13 8.1645801e-13 6.5036865e-13
  0.0000000e+00 1.1153301e-12 6.0973449e-13 1.3777868e-12]
 [8.1024076e-13 1.8116619e-12 9.6700425e-13 9.0949470e-13 1.4801493e-12
  1.1153301e-12 0.0000000e+00 8.5820240e-13 1.2461143e-12]
 [6.2660988e-13 1.3966606e-12 6.5059069e-13 6.9522166e-13 9.4257935e-13
  6.0973449e-13 8.5820240e-13 0.0000000e+00 9.9364961e-13]
 [1.4386270e-12 1.1481927e-12 9.5323749e-13 9.7033492e-13 1.0440537e-12
  1.3777868e-12 1.2461143e-12 9.9364961e-13 0.0000000e+00]]

Depth Predictions: 
[7.8875766 7.887576  7.8875766 7.887577  7.8875756 7.8875766 7.8875756
 7.887576  7.8875756]