Distance Predictions: 
[[ 0.       18.973991 12.544758  5.875093 17.526585 13.77497   9.315987
  14.094991 19.450935]
 [18.973991  0.       18.828663 20.61349  17.547873 14.864257 15.967115
  20.902546 23.172235]
 [12.544758 18.828663  0.       10.820229 20.078735 12.915049 14.51569
  11.667549 14.093643]
 [ 5.875093 20.61349  10.820229  0.       15.17537  13.003303  9.98538
  13.55389  17.245611]
 [17.526585 17.547873 20.078735 15.17537   0.       18.614168 16.771278
  20.693033 25.950468]
 [13.77497  14.864257 12.915049 13.003303 18.614168  0.        8.270374
   6.024952 13.499406]
 [ 9.315987 15.967115 14.51569   9.98538  16.771278  8.270374  0.
  12.600693 17.266048]
 [14.094991 20.902546 11.667549 13.55389  20.693033  6.024952 12.600693
   0.       11.723935]
 [19.450935 23.172235 14.093643 17.245611 25.950468 13.499406 17.266048
  11.723935  0.      ]]

Depth Predictions: 
[18.407877 18.562243 11.697143 13.599018 17.49249  11.066055 15.834592
 17.04131  14.701169]