Distance Predictions: 
[[ 0.        13.257532  13.835232   5.7478933 21.619516  15.242679
  12.887531  12.264229  18.35629  ]
 [13.257532   0.        10.210058  15.948351  15.05427   14.587894
  11.4075365 17.1953    17.64139  ]
 [13.835232  10.210058   0.        12.81487   13.574926  12.276146
  14.847417  15.856226  13.515372 ]
 [ 5.7478933 15.948351  12.81487    0.        16.982918  17.525982
  13.973614  13.374321  16.73684  ]
 [21.619516  15.05427   13.574926  16.982918   0.        18.371431
  12.209839  19.852327  14.754854 ]
 [15.242679  14.587894  12.276146  17.525982  18.371431   0.
  10.317671  11.591103  19.062757 ]
 [12.887531  11.4075365 14.847417  13.973614  12.209839  10.317671
   0.         6.504565  19.608147 ]
 [12.264229  17.1953    15.856226  13.374321  19.852327  11.591103
   6.504565   0.        18.890594 ]
 [18.35629   17.64139   13.515372  16.73684   14.754854  19.062757
  19.608147  18.890594   0.       ]]

Depth Predictions: 
[ 8.902019 17.044918  9.212428 12.250661 19.603891 22.344578 18.084215
 13.406498 15.152111]