Distance Predictions: 
[[ 0.        15.476466   9.378683   3.6915739 17.578266   8.1459875
   8.207134   6.7965755 16.33672  ]
 [15.476466   0.        15.925742  15.488793  14.20545   20.28949
  15.719773  20.67106   23.290628 ]
 [ 9.378683  15.925742   0.        11.49846   13.8032055 12.843505
  13.52894    9.554749  12.314783 ]
 [ 3.6915739 15.488793  11.49846    0.        15.295797   9.332738
  10.058038   7.9667974 18.808598 ]
 [17.578266  14.20545   13.8032055 15.295797   0.        22.720695
  20.13045   15.161423  22.155735 ]
 [ 8.1459875 20.28949   12.843505   9.332738  22.720695   0.
  11.582797  10.864798  20.401531 ]
 [ 8.207134  15.719773  13.52894   10.058038  20.13045   11.582797
   0.        13.656738  20.067669 ]
 [ 6.7965755 20.67106    9.554749   7.9667974 15.161423  10.864798
  13.656738   0.        14.392276 ]
 [16.33672   23.290628  12.314783  18.808598  22.155735  20.401531
  20.067669  14.392276   0.       ]]

Depth Predictions: 
[ 9.653915 13.706235  8.113779  8.979646 13.443407 18.062422 10.695099
 10.309394 11.538701]