Distance Predictions: 
[[ 0.       26.617046 24.946184  8.552444 27.118666 17.153717 22.732027
  22.515318 24.621576]
 [26.617046  0.       15.875758 17.146223 15.548698 25.621874 18.537462
  19.12444  35.994953]
 [24.946184 15.875758  0.       19.200994 27.935802 18.223278 19.439978
  11.497532 24.907606]
 [ 8.552444 17.146223 19.200994  0.       22.149237 13.996695 16.157394
  19.143929 20.126091]
 [27.118666 15.548698 27.935802 22.149237  0.       24.772432 19.30363
  14.706771 36.193314]
 [17.153717 25.621874 18.223278 13.996695 24.772432  0.       15.818691
  10.99782  13.981546]
 [22.732027 18.537462 19.439978 16.157394 19.30363  15.818691  0.
  11.103458 26.337622]
 [22.515318 19.12444  11.497532 19.143929 14.706771 10.99782  11.103458
   0.       21.385529]
 [24.621576 35.994953 24.907606 20.126091 36.193314 13.981546 26.337622
  21.385529  0.      ]]

Depth Predictions: 
[22.474154 27.546589 11.734629 20.043755 24.794155 16.894243 20.318932
 18.245127 19.27724 ]