Distance Predictions: 
[[ 0.       20.569029 11.738062  5.125289 21.85437  16.4139   14.321357
  12.705447 20.727009]
 [20.569029  0.       15.236261 17.367764 16.046043 24.42136  15.227468
  15.603899 30.165462]
 [11.738062 15.236261  0.       11.331953 19.348198 15.064318 13.340753
   9.613724 18.047337]
 [ 5.125289 17.367764 11.331953  0.       15.151662 16.962324  9.95366
  10.655877 18.160894]
 [21.85437  16.046043 19.348198 15.151662  0.       25.662743 14.196014
  17.306454 32.932907]
 [16.4139   24.42136  15.064318 16.962324 25.662743  0.       15.634316
  17.701397 17.139723]
 [14.321357 15.227468 13.340753  9.95366  14.196014 15.634316  0.
  10.906208 16.212877]
 [12.705447 15.603899  9.613724 10.655877 17.306454 17.701397 10.906208
   0.       15.969656]
 [20.727009 30.165462 18.047337 18.160894 32.932907 17.139723 16.212877
  15.969656  0.      ]]

Depth Predictions: 
[11.602663  11.544414   6.1280227  8.0573     7.7715707 15.970251
 13.839076  17.126972  10.552147 ]