Constructing new results directory at example/results/attnresln/BERT-disk-demo-2024-5-19-15-44-50-471786/
Constructing TwoWordPSDProbe
Constructing OneWordPSDProbe

Distance Predictions: 
[[ 0.        16.620739  10.087556  10.9257145 25.655542  20.632172
  14.167761  15.664909  10.716948 ]
 [16.620739   0.        14.671368  16.196445  21.368113  25.309814
  18.053013  17.7017    18.402756 ]
 [10.087556  14.671368   0.         6.322555  20.050196  16.617834
  10.605143  12.770543  11.536261 ]
 [10.9257145 16.196445   6.322555   0.        16.697947  16.7492
  10.351435   9.716751   7.9995155]
 [25.655542  21.368113  20.050196  16.697947   0.        14.795399
  25.480171  21.495651  13.809591 ]
 [20.632172  25.309814  16.617834  16.7492    14.795399   0.
  19.044392  16.040989  15.561002 ]
 [14.167761  18.053013  10.605143  10.351435  25.480171  19.044392
   0.        12.209471   9.093264 ]
 [15.664909  17.7017    12.770543   9.716751  21.495651  16.040989
  12.209471   0.        15.163804 ]
 [10.716948  18.402756  11.536261   7.9995155 13.809591  15.561002
   9.093264  15.163804   0.       ]]

Depth Predictions: 
[15.081249  17.33858    7.0173163  7.339307  25.627771  10.364421
 14.713107  11.848268   7.497216 ]

Distance Predictions: 
[[ 0.        11.336296  12.37094    5.788604  20.036858  13.048996
   5.915459 ]
 [11.336296   0.        16.90249    6.724608  19.938818  17.406656
  10.065684 ]
 [12.37094   16.90249    0.        12.460886  27.352882  19.23071
  13.042475 ]
 [ 5.788604   6.724608  12.460886   0.        15.341371  10.17466
   6.2239714]
 [20.036858  19.938818  27.352882  15.341371   0.        19.4022
  24.594566 ]
 [13.048996  17.406656  19.23071   10.17466   19.4022     0.
  11.980796 ]
 [ 5.915459  10.065684  13.042475   6.2239714 24.594566  11.980796
   0.       ]]

Depth Predictions: 
[ 6.0349364 11.8622875 18.59054    5.0007877 12.0152025  7.800885
  5.4804816]
