Constructing new results directory at example/results/attn/BERT-disk-demo-2024-5-19-13-37-59-908182/
Constructing TwoWordPSDProbe
Constructing OneWordPSDProbe

Distance Predictions: 
[[0.        5.5300565 2.0075774 1.8062862 3.1878097 3.0325744 4.7358065
  3.5892205 2.1472104]
 [5.5300565 0.        3.526823  6.5189924 6.3848405 5.602164  5.210585
  3.8690379 4.823518 ]
 [2.0075774 3.526823  0.        1.4941595 2.8663611 2.8167682 2.994877
  2.3375216 1.7799948]
 [1.8062862 6.5189924 1.4941595 0.        3.3772507 3.3015685 4.8595967
  4.278375  2.7429013]
 [3.1878097 6.3848405 2.8663611 3.3772507 0.        1.531529  4.424749
  4.159759  2.7926595]
 [3.0325744 5.602164  2.8167682 3.3015685 1.531529  0.        6.294382
  3.8200202 2.118943 ]
 [4.7358065 5.210585  2.994877  4.8595967 4.424749  6.294382  0.
  3.672272  5.665667 ]
 [3.5892205 3.8690379 2.3375216 4.278375  4.159759  3.8200202 3.672272
  0.        3.5959325]
 [2.1472104 4.823518  1.7799948 2.7429013 2.7926595 2.118943  5.665667
  3.5959325 0.       ]]

Depth Predictions: 
[5.5159535 2.6460478 3.3002212 3.12562   6.0626683 5.085741  4.610618
 3.839423  2.2752922]

Distance Predictions: 
[[0.        3.25054   4.6878843 3.3557878 4.117103  8.786727  4.2985225]
 [3.25054   0.        3.0287771 1.6588997 5.926737  5.538341  2.3616552]
 [4.6878843 3.0287771 0.        3.1112041 5.9311833 5.5957475 2.569337 ]
 [3.3557878 1.6588997 3.1112041 0.        5.045678  3.9877276 2.1627164]
 [4.117103  5.926737  5.9311833 5.045678  0.        6.939003  5.634989 ]
 [8.786727  5.538341  5.5957475 3.9877276 6.939003  0.        4.77644  ]
 [4.2985225 2.3616552 2.569337  2.1627164 5.634989  4.77644   0.       ]]

Depth Predictions: 
[3.247292  3.0083408 6.0290394 2.1919818 7.2455025 6.14182   3.7642553]
