Constructing new results directory at example/results/attn/BERT-disk-demo-2024-5-19-13-37-27-975999/
Constructing TwoWordPSDProbe
Constructing OneWordPSDProbe

Distance Predictions: 
[[ 0.        23.055262  24.697712  20.431341  19.88219   22.610657
  27.978615  20.739069  26.205862 ]
 [23.055262   0.        18.303802  16.961294  23.036491  26.145039
  22.779438  20.75471   19.155207 ]
 [24.697712  18.303802   0.         7.948391  19.286737  15.806452
  21.487175  19.286655  11.89959  ]
 [20.431341  16.961294   7.948391   0.        16.381535  20.574936
  15.4357605 13.275441  12.382205 ]
 [19.88219   23.036491  19.286737  16.381535   0.        13.970597
  18.776917  14.599779  13.411114 ]
 [22.610657  26.145039  15.806452  20.574936  13.970597   0.
  26.951258  15.265589  13.893884 ]
 [27.978615  22.779438  21.487175  15.4357605 18.776917  26.951258
   0.        19.847013  22.54782  ]
 [20.739069  20.75471   19.286655  13.275441  14.599779  15.265589
  19.847013   0.        17.10033  ]
 [26.205862  19.155207  11.89959   12.382205  13.411114  13.893884
  22.54782   17.10033    0.       ]]

Depth Predictions: 
[16.405363 25.109337 15.410354 16.19043  18.717468 13.707863 12.954158
 19.372618 12.222057]

Distance Predictions: 
[[ 0.       12.767031 18.979324 12.624631 21.749464 18.85649   9.967879]
 [12.767031  0.        9.618923  9.153035 15.328711 13.368352 10.285832]
 [18.979324  9.618923  0.       12.846852 18.775473 16.677979 14.088949]
 [12.624631  9.153035 12.846852  0.       11.840208  9.686133 12.391604]
 [21.749464 15.328711 18.775473 11.840208  0.       10.918015 18.83657 ]
 [18.85649  13.368352 16.677979  9.686133 10.918015  0.       12.405371]
 [ 9.967879 10.285832 14.088949 12.391604 18.83657  12.405371  0.      ]]

Depth Predictions: 
[13.147123 15.014317 15.956032 10.458611 22.994978 25.00912  22.813019]
