Constructing new results directory at example/results/attnres/BERT-disk-demo-2024-5-19-15-31-32-293771/
Constructing TwoWordPSDProbe
Constructing OneWordPSDProbe

Distance Predictions: 
[[ 0.        20.66449   16.754202  10.309478  13.145347  20.442535
  16.298994  16.67063   13.390444 ]
 [20.66449    0.         9.729712  11.862451  16.815311  30.5139
  26.427265  15.114975  13.78251  ]
 [16.754202   9.729712   0.         7.2125664  9.944965  15.934942
  16.932297   9.192652   7.7547092]
 [10.309478  11.862451   7.2125664  0.        12.311766  19.373768
  10.523988  10.5649     8.850887 ]
 [13.145347  16.815311   9.944965  12.311766   0.        14.546369
  21.080427  10.162742  13.179273 ]
 [20.442535  30.5139    15.934942  19.373768  14.546369   0.
  24.908262  19.444132  21.476517 ]
 [16.298994  26.427265  16.932297  10.523988  21.080427  24.908262
   0.        16.237406  18.069511 ]
 [16.67063   15.114975   9.192652  10.5649    10.162742  19.444132
  16.237406   0.        10.960333 ]
 [13.390444  13.78251    7.7547092  8.850887  13.179273  21.476517
  18.069511  10.960333   0.       ]]

Depth Predictions: 
[17.109196  12.474008   7.6862245  6.0806046 16.144314  11.716645
  7.7607913 13.07468    7.8536906]

Distance Predictions: 
[[ 0.        10.359796  14.546094   4.5294566 12.227368  14.441584
   5.850129 ]
 [10.359796   0.        19.289387   5.5237064 14.161171  14.755716
   8.504205 ]
 [14.546094  19.289387   0.        13.097809  23.758581  19.630312
  13.860281 ]
 [ 4.5294566  5.5237064 13.097809   0.        13.214805  10.903801
   4.27235  ]
 [12.227368  14.161171  23.758581  13.214805   0.        13.68096
  12.217991 ]
 [14.441584  14.755716  19.630312  10.903801  13.68096    0.
   9.288949 ]
 [ 5.850129   8.504205  13.860281   4.27235   12.217991   9.288949
   0.       ]]

Depth Predictions: 
[ 7.0881343  9.364935  10.415815   5.306822  18.761255  10.4423895
  8.910165 ]
