Constructing new results directory at example/results/attnres/BERT-disk-demo-2024-5-19-15-32-6-931869/
Constructing TwoWordPSDProbe
Constructing OneWordPSDProbe

Distance Predictions: 
[[ 0.        13.276995  12.52685    5.616707  14.914406  16.85962
  16.414484  10.599166  14.30131  ]
 [13.276995   0.        11.838372   9.714916  13.0249195 15.047642
  25.149864  13.826781  10.800776 ]
 [12.52685   11.838372   0.         9.270258  13.400602  11.214073
  14.934042   7.4510717  7.440274 ]
 [ 5.616707   9.714916   9.270258   0.         5.9561853  8.59689
  16.733505   6.6795297  7.3971996]
 [14.914406  13.0249195 13.400602   5.9561853  0.         7.0901403
  21.198954  14.22253    9.099886 ]
 [16.85962   15.047642  11.214073   8.59689    7.0901403  0.
  19.512857  12.831771   8.5369625]
 [16.414484  25.149864  14.934042  16.733505  21.198954  19.512857
   0.         9.531513  11.706331 ]
 [10.599166  13.826781   7.4510717  6.6795297 14.22253   12.831771
   9.531513   0.         5.3868713]
 [14.30131   10.800776   7.440274   7.3971996  9.099886   8.5369625
  11.706331   5.3868713  0.       ]]

Depth Predictions: 
[19.932661 17.9124   14.395131  6.065819 18.695621 15.314921  8.57387
 12.899075 11.577732]

Distance Predictions: 
[[ 0.        12.793682  13.986036  12.825869  26.025883  13.848028
  10.728416 ]
 [12.793682   0.        14.902186   5.1036463 23.037052  11.652747
   9.011975 ]
 [13.986036  14.902186   0.        11.527079  28.967161  16.950949
  15.296669 ]
 [12.825869   5.1036463 11.527079   0.        17.0364     9.822104
   3.3429403]
 [26.025883  23.037052  28.967161  17.0364     0.        18.656645
  17.16382  ]
 [13.848028  11.652747  16.950949   9.822104  18.656645   0.
   8.226807 ]
 [10.728416   9.011975  15.296669   3.3429403 17.16382    8.226807
   0.       ]]

Depth Predictions: 
[10.439285 17.523548 19.298227 10.695416 15.010519 12.357707 10.739642]
