Constructing new results directory at example/results/attnresln/BERT-disk-demo-2024-5-19-15-44-37-16015/
Constructing TwoWordPSDProbe
Constructing OneWordPSDProbe

Distance Predictions: 
[[ 0.        15.391705  10.599685  12.586432  22.859144  13.084155
  16.296186  24.297243   6.8133163]
 [15.391705   0.        17.642744  22.345432  34.09579   19.83001
  27.064083  21.43493   10.382803 ]
 [10.599685  17.642744   0.         8.934829  21.358263  11.645978
  20.46665   18.458033   5.524424 ]
 [12.586432  22.345432   8.934829   0.        10.434378   8.413641
  19.542957  17.202198   8.624884 ]
 [22.859144  34.09579   21.358263  10.434378   0.        11.886292
  25.457556  20.692259  15.715067 ]
 [13.084155  19.83001   11.645978   8.413641  11.886292   0.
  16.258726  14.415743   7.58014  ]
 [16.296186  27.064083  20.46665   19.542957  25.457556  16.258726
   0.        21.69348   16.081747 ]
 [24.297243  21.43493   18.458033  17.202198  20.692259  14.415743
  21.69348    0.        11.87354  ]
 [ 6.8133163 10.382803   5.524424   8.624884  15.715067   7.58014
  16.081747  11.87354    0.       ]]

Depth Predictions: 
[10.298838 11.619751  5.735025  8.04495  14.027166  9.211915  8.290207
 11.629085  8.877898]

Distance Predictions: 
[[ 0.         8.58101   14.223749   7.5967493 13.177191  11.332186
   8.011388 ]
 [ 8.58101    0.        14.788078   6.73249   18.057295  12.425918
   7.992213 ]
 [14.223749  14.788078   0.         8.814822  23.402613  15.880649
  12.860258 ]
 [ 7.5967493  6.73249    8.814822   0.        15.842415  10.481694
   4.2250566]
 [13.177191  18.057295  23.402613  15.842415   0.        12.543863
  12.386103 ]
 [11.332186  12.425918  15.880649  10.481694  12.543863   0.
   8.321524 ]
 [ 8.011388   7.992213  12.860258   4.2250566 12.386103   8.321524
   0.       ]]

Depth Predictions: 
[ 7.101367  13.076751  13.64008    5.4716043 11.464389   9.051476
  7.9355917]
