Constructing new results directory at example/results/attnres/BERT-disk-demo-2024-5-19-15-33-21-292138/
Constructing TwoWordPSDProbe
Constructing OneWordPSDProbe

Distance Predictions: 
[[0.         3.5392742  2.1722898  1.7005242  2.9627986  3.3649004
  4.207838   2.640068   2.7459784 ]
 [3.5392742  0.         2.3327923  2.8677971  2.3295815  4.0514383
  3.7522311  2.6052525  2.635715  ]
 [2.1722898  2.3327923  0.         0.69474626 1.25428    0.9588836
  3.3505049  1.4608631  1.0439924 ]
 [1.7005242  2.8677971  0.69474626 0.         2.14439    1.6306685
  4.158493   2.1535015  1.4991999 ]
 [2.9627986  2.3295815  1.25428    2.14439    0.         1.2797505
  3.0049858  1.6433454  1.5728215 ]
 [3.3649004  4.0514383  0.9588836  1.6306685  1.2797505  0.
  3.9022079  2.0009732  1.6073079 ]
 [4.207838   3.7522311  3.3505049  4.158493   3.0049858  3.9022079
  0.         2.1731434  3.1698642 ]
 [2.640068   2.6052525  1.4608631  2.1535015  1.6433454  2.0009732
  2.1731434  0.         2.4454794 ]
 [2.7459784  2.635715   1.0439924  1.4991999  1.5728215  1.6073079
  3.1698642  2.4454794  0.        ]]

Depth Predictions: 
[4.725162  4.7118726 4.0127144 3.237333  5.745887  6.0010357 4.1216593
 5.1043906 3.4962277]

Distance Predictions: 
[[0.        5.019288  4.8670564 3.4658604 5.8863273 5.9439363 1.878768 ]
 [5.019288  0.        1.4911764 1.4105147 4.9176936 2.938061  3.3637466]
 [4.8670564 1.4911764 0.        1.9298347 4.9501033 4.3362336 2.3374536]
 [3.4658604 1.4105147 1.9298347 0.        3.620347  2.8429418 2.099197 ]
 [5.8863273 4.9176936 4.9501033 3.620347  0.        4.145593  4.507526 ]
 [5.9439363 2.938061  4.3362336 2.8429418 4.145593  0.        3.4468102]
 [1.878768  3.3637466 2.3374536 2.099197  4.507526  3.4468102 0.       ]]

Depth Predictions: 
[2.5977278 5.785751  5.076075  3.676344  6.335751  7.277518  2.7170694]
