Constructing new results directory at example/results/attnres/BERT-disk-demo-2024-5-19-15-31-7-440159/
Constructing TwoWordPSDProbe
Constructing OneWordPSDProbe

Distance Predictions: 
[[ 0.        26.35055   16.126453  15.703101  26.653496  23.871708
  26.80138   27.294838  22.665695 ]
 [26.35055    0.        18.867645  20.279905  47.503494  42.408585
  33.175293  33.6281    22.752918 ]
 [16.126453  18.867645   0.         3.732221  24.509935  16.67086
  12.049753  17.354376   8.389274 ]
 [15.703101  20.279905   3.732221   0.        22.154163  12.452647
  13.007965  17.536245   7.8955054]
 [26.653496  47.503494  24.509935  22.154163   0.        36.331497
  34.551685  36.436134  27.992636 ]
 [23.871708  42.408585  16.67086   12.452647  36.331497   0.
  21.038307  24.711168  18.2686   ]
 [26.80138   33.175293  12.049753  13.007965  34.551685  21.038307
   0.        26.488247  16.535994 ]
 [27.294838  33.6281    17.354376  17.536245  36.436134  24.711168
  26.488247   0.        19.571735 ]
 [22.665695  22.752918   8.389274   7.8955054 27.992636  18.2686
  16.535994  19.571735   0.       ]]

Depth Predictions: 
[15.535805  15.5653105  5.8490667  7.788856  17.430052  10.526021
 11.063112  11.918928   8.032283 ]

Distance Predictions: 
[[ 0.        28.762257  15.113291  11.433906  27.088175  11.754735
   7.007976 ]
 [28.762257   0.        19.382727   7.9760985 23.155613  15.56643
  21.662209 ]
 [15.113291  19.382727   0.         8.319217  28.41177   14.749565
  14.62354  ]
 [11.433906   7.9760985  8.319217   0.        18.423056   5.3786974
   7.0919914]
 [27.088175  23.155613  28.41177   18.423056   0.        14.608469
  18.103577 ]
 [11.754735  15.56643   14.749565   5.3786974 14.608469   0.
   7.9925566]
 [ 7.007976  21.662209  14.62354    7.0919914 18.103577   7.9925566
   0.       ]]

Depth Predictions: 
[ 6.369703   6.0195394 20.182903   4.9709525 20.330023   8.440581
  5.6543117]
