Constructing new results directory at example/results/attn/BERT-disk-demo-2024-5-19-13-37-48-766435/
Constructing TwoWordPSDProbe
Constructing OneWordPSDProbe

Distance Predictions: 
[[ 0.        10.779246  12.324361  14.80993   15.378578  11.422977
  14.761991  15.47384   12.573169 ]
 [10.779246   0.         5.924372   7.807709   8.988629   7.8169518
  11.087525   9.705384   7.052243 ]
 [12.324361   5.924372   0.         5.254804  11.647636   8.253693
  11.150287  10.86275    7.811581 ]
 [14.80993    7.807709   5.254804   0.        12.269854  12.361884
  15.59019   13.152544  10.775195 ]
 [15.378578   8.988629  11.647636  12.269854   0.         5.264347
  13.412808  13.202128  15.038442 ]
 [11.422977   7.8169518  8.253693  12.361884   5.264347   0.
  11.715169  11.958542  11.290442 ]
 [14.761991  11.087525  11.150287  15.59019   13.412808  11.715169
   0.        10.033478  10.650326 ]
 [15.47384    9.705384  10.86275   13.152544  13.202128  11.958542
  10.033478   0.         8.484812 ]
 [12.573169   7.052243   7.811581  10.775195  15.038442  11.290442
  10.650326   8.484812   0.       ]]

Depth Predictions: 
[21.831516 23.969788 32.678986 19.089035 24.32082  25.741863 13.834907
 15.586552 18.276783]

Distance Predictions: 
[[ 0.        11.040286   8.9875765  8.623042  15.566749  17.142267
  10.7721615]
 [11.040286   0.         6.4134545  7.574605  28.962412  22.127317
  16.472015 ]
 [ 8.9875765  6.4134545  0.         7.4628663 20.697466  16.112923
  12.466237 ]
 [ 8.623042   7.574605   7.4628663  0.        19.195522  15.851845
  13.271312 ]
 [15.566749  28.962412  20.697466  19.195522   0.         9.709386
  15.2994995]
 [17.142267  22.127317  16.112923  15.851845   9.709386   0.
   9.220289 ]
 [10.7721615 16.472015  12.466237  13.271312  15.2994995  9.220289
   0.       ]]

Depth Predictions: 
[17.67507  14.751395 23.542952 20.556536 26.401834 26.59708  18.81174 ]
