Constructing new results directory at example/results/attn/BERT-disk-demo-2024-5-19-13-36-55-816900/
Constructing TwoWordPSDProbe
Constructing OneWordPSDProbe

Distance Predictions: 
[[ 0.       21.833206 17.359667 16.020645 31.76306  20.883675 30.963726
  24.9162   20.072289]
 [21.833206  0.       30.388895 24.666576 44.755844 27.211885 43.72371
  32.038303 35.60305 ]
 [17.359667 30.388895  0.       15.835767 24.038958 18.786121 20.704388
  24.884209 12.736928]
 [16.020645 24.666576 15.835767  0.       19.147165 10.589104 30.16203
  17.875092 10.405284]
 [31.76306  44.755844 24.038958 19.147165  0.       16.11658  31.350775
  25.151989 18.717812]
 [20.883675 27.211885 18.786121 10.589104 16.11658   0.       31.335543
  20.710821 18.02612 ]
 [30.963726 43.72371  20.704388 30.16203  31.350775 31.335543  0.
  33.31376  21.58823 ]
 [24.9162   32.038303 24.884209 17.875092 25.151989 20.710821 33.31376
   0.       17.299515]
 [20.072289 35.60305  12.736928 10.405284 18.717812 18.02612  21.58823
  17.299515  0.      ]]

Depth Predictions: 
[13.638642 20.80794  20.426395 13.807327 18.55886  17.428177 19.219107
 18.708698 13.316767]

Distance Predictions: 
[[ 0.        15.976476  18.661545   8.861386  16.644356  13.8692875
   9.708707 ]
 [15.976476   0.        25.663227  10.35817   25.213064  20.930414
  12.345881 ]
 [18.661545  25.663227   0.        17.379248  32.344868  31.300148
  16.524656 ]
 [ 8.861386  10.35817   17.379248   0.        13.938063   8.379173
   9.879836 ]
 [16.644356  25.213064  32.344868  13.938063   0.        13.861991
  20.932592 ]
 [13.8692875 20.930414  31.300148   8.379173  13.861991   0.
  16.185486 ]
 [ 9.708707  12.345881  16.524656   9.879836  20.932592  16.185486
   0.       ]]

Depth Predictions: 
[10.08391  18.529615 13.550793 11.609831 18.447529 22.34483  15.918841]
