Constructing new results directory at example/results/attnres/BERT-disk-demo-2024-5-19-15-31-55-675123/
Constructing TwoWordPSDProbe
Constructing OneWordPSDProbe

Distance Predictions: 
[[ 0.        19.182444  14.764967  16.173262  25.624798  19.05026
  21.623652  14.695677  19.987955 ]
 [19.182444   0.        12.002769  14.767257  14.361441  15.9230585
  16.509521  19.052374  16.887714 ]
 [14.764967  12.002769   0.         5.325813  11.505454  12.418333
  12.1989155 11.84342    5.0724154]
 [16.173262  14.767257   5.325813   0.        11.6566    12.404423
  12.756717  14.439054   5.5228343]
 [25.624798  14.361441  11.505454  11.6566     0.        13.414134
  17.48045   22.84554   14.038631 ]
 [19.05026   15.9230585 12.418333  12.404423  13.414134   0.
  14.07155   15.325904  10.795293 ]
 [21.623652  16.509521  12.1989155 12.756717  17.48045   14.07155
   0.        11.319151  12.658322 ]
 [14.695677  19.052374  11.84342   14.439054  22.84554   15.325904
  11.319151   0.        10.987031 ]
 [19.987955  16.887714   5.0724154  5.5228343 14.038631  10.795293
  12.658322  10.987031   0.       ]]

Depth Predictions: 
[20.348482  8.687826 12.804883  8.524684 11.909805 18.159748 22.18913
 16.507048  8.8934  ]

Distance Predictions: 
[[ 0.         9.763921  14.578717   5.1772947  9.523772  11.151734
   6.812977 ]
 [ 9.763921   0.        12.228385   6.185715  14.592876  14.26576
  13.093975 ]
 [14.578717  12.228385   0.        10.611569  15.152892  15.858431
  14.798782 ]
 [ 5.1772947  6.185715  10.611569   0.         7.9231844  7.7264028
   5.334023 ]
 [ 9.523772  14.592876  15.152892   7.9231844  0.        12.102369
  10.514528 ]
 [11.151734  14.26576   15.858431   7.7264028 12.102369   0.
  13.349927 ]
 [ 6.812977  13.093975  14.798782   5.334023  10.514528  13.349927
   0.       ]]

Depth Predictions: 
[10.38074   16.642416  11.517135  13.215875  17.697079  14.450914
  7.9727116]
