Distance Predictions: 
[[0.        3.84176   3.503178  1.2707809 6.6023407 6.2544575 8.6813545
  4.084006  5.4716334]
 [3.84176   0.        4.6720552 3.9252262 3.3149996 5.6089664 6.344373
  4.063566  4.789917 ]
 [3.503178  4.6720552 0.        3.3851242 6.4155836 3.6370485 4.9051776
  3.2662208 4.0407767]
 [1.2707809 3.9252262 3.3851242 0.        5.3287296 6.092728  7.0540013
  2.936927  5.7600255]
 [6.6023407 3.3149996 6.4155836 5.3287296 0.        5.498666  4.5202513
  2.7626543 7.3317842]
 [6.2544575 5.6089664 3.6370485 6.092728  5.498666  0.        4.098879
  3.188471  3.5766196]
 [8.6813545 6.344373  4.9051776 7.0540013 4.5202513 4.098879  0.
  3.837874  7.400101 ]
 [4.084006  4.063566  3.2662208 2.936927  2.7626543 3.188471  3.837874
  0.        4.2910566]
 [5.4716334 4.789917  4.0407767 5.7600255 7.3317842 3.5766196 7.400101
  4.2910566 0.       ]]

Depth Predictions: 
[2.1621876 2.101296  1.6209179 2.14217   3.7052226 4.956834  2.1696281
 2.3624434 6.9372535]