Constructing new results directory at example/results/attnresln/BERT-disk-demo-2024-5-19-15-45-37-808696/
Constructing TwoWordPSDProbe
Constructing OneWordPSDProbe

Distance Predictions: 
[[ 0.        15.089256  11.746531  13.794638  17.927927  20.159658
  10.389156  12.470328  11.434069 ]
 [15.089256   0.        14.465027  20.075438  27.154587  24.984808
  12.6140785 16.162783  14.343536 ]
 [11.746531  14.465027   0.         7.5575447  9.770307  12.913551
   9.9251995 11.042775   6.9425335]
 [13.794638  20.075438   7.5575447  0.        10.824627  16.775005
  15.917155  13.02491    9.196018 ]
 [17.927927  27.154587   9.770307  10.824627   0.        10.681773
  18.056744  19.425463  11.997948 ]
 [20.159658  24.984808  12.913551  16.775005  10.681773   0.
  21.998077  14.359124  14.314949 ]
 [10.389156  12.6140785  9.9251995 15.917155  18.056744  21.998077
   0.        10.245498   8.207448 ]
 [12.470328  16.162783  11.042775  13.02491   19.425463  14.359124
  10.245498   0.         9.024008 ]
 [11.434069  14.343536   6.9425335  9.196018  11.997948  14.314949
   8.207448   9.024008   0.       ]]

Depth Predictions: 
[15.901084  8.829064 15.274152 11.785893 28.68872  18.14641  17.276423
 19.787937 11.901248]

Distance Predictions: 
[[ 0.        11.515706  12.329265  13.884368  21.428205  24.525356
   9.436999 ]
 [11.515706   0.        11.062413   8.497681  21.127436  23.331478
  14.4395485]
 [12.329265  11.062413   0.        13.882633  25.578346  26.97472
  15.262609 ]
 [13.884368   8.497681  13.882633   0.        16.267248  17.124632
  10.974837 ]
 [21.428205  21.127436  25.578346  16.267248   0.        11.384713
  12.329416 ]
 [24.525356  23.331478  26.97472   17.124632  11.384713   0.
  14.951515 ]
 [ 9.436999  14.4395485 15.262609  10.974837  12.329416  14.951515
   0.       ]]

Depth Predictions: 
[15.668681  24.186983  15.321365  14.549255  14.0803385 13.748027
 13.511117 ]
