Constructing new results directory at example/results/attn/BERT-disk-demo-2024-5-19-13-36-45-200042/
Constructing TwoWordPSDProbe
Constructing OneWordPSDProbe

Distance Predictions: 
[[ 0.        19.74254   14.8981285 16.678623  27.396088  15.490753
  32.135822  25.255827  15.725661 ]
 [19.74254    0.        14.049509  15.087915  23.048525  18.231
  24.436325  23.513554  14.324878 ]
 [14.8981285 14.049509   0.         6.4338613 14.082248  13.601949
  30.019604  22.69564    5.64931  ]
 [16.678623  15.087915   6.4338613  0.        13.04173   13.984731
  19.833355  17.493557   8.373899 ]
 [27.396088  23.048525  14.082248  13.04173    0.        15.792906
  36.455765  23.455698  16.22232  ]
 [15.490753  18.231     13.601949  13.984731  15.792906   0.
  24.911203  17.566734  11.967618 ]
 [32.135822  24.436325  30.019604  19.833355  36.455765  24.911203
   0.        27.122625  23.539694 ]
 [25.255827  23.513554  22.69564   17.493557  23.455698  17.566734
  27.122625   0.        21.597769 ]
 [15.725661  14.324878   5.64931    8.373899  16.22232   11.967618
  23.539694  21.597769   0.       ]]

Depth Predictions: 
[14.497723  18.95342   10.281386   9.7525835 24.993786  13.271349
 16.338024  12.099909   7.1132526]

Distance Predictions: 
[[ 0.        14.736263  26.155647  14.127621  27.946926  20.607227
   6.8495317]
 [14.736263   0.        34.280956   9.170927  26.51764   27.957874
  15.308176 ]
 [26.155647  34.280956   0.        24.729923  52.171516  32.57107
  24.001513 ]
 [14.127621   9.170927  24.729923   0.        16.148077  15.255045
  12.644278 ]
 [27.946926  26.51764   52.171516  16.148077   0.        13.202365
  25.515276 ]
 [20.607227  27.957874  32.57107   15.255045  13.202365   0.
  13.686089 ]
 [ 6.8495317 15.308176  24.001513  12.644278  25.515276  13.686089
   0.       ]]

Depth Predictions: 
[13.228016 12.465763 21.509855 10.399389 23.58723  13.183093 10.539297]
