Constructing new results directory at example/results/attn/BERT-disk-demo-2024-5-19-13-37-38-435247/
Constructing TwoWordPSDProbe
Constructing OneWordPSDProbe

Distance Predictions: 
[[ 0.        25.828648  25.745321  19.071678  22.6749    21.123503
  14.747259  10.336623  17.1498   ]
 [25.828648   0.         9.401195  18.727495  11.187084  10.107235
  13.688544  14.921754   7.9861355]
 [25.745321   9.401195   0.         8.891258   6.4403462  6.994448
  16.59549   19.475195   8.970994 ]
 [19.071678  18.727495   8.891258   0.        11.308129  11.938469
  19.283257  15.812107  14.219361 ]
 [22.6749    11.187084   6.4403462 11.308129   0.         6.744771
  14.941668  17.223076   8.190642 ]
 [21.123503  10.107235   6.994448  11.938469   6.744771   0.
  18.473137  12.366048  10.632168 ]
 [14.747259  13.688544  16.59549   19.283257  14.941668  18.473137
   0.        13.429935  14.175348 ]
 [10.336623  14.921754  19.475195  15.812107  17.223076  12.366048
  13.429935   0.        11.429085 ]
 [17.1498     7.9861355  8.970994  14.219361   8.190642  10.632168
  14.175348  11.429085   0.       ]]

Depth Predictions: 
[24.600742 20.037863 17.599548 14.998829 18.609402 23.158602 21.160744
 23.316576 18.057487]

Distance Predictions: 
[[ 0.         5.7635508  9.13094    3.8362982 17.618322  21.438736
  14.725774 ]
 [ 5.7635508  0.        10.026476   5.552062  22.5605    21.44309
  12.979227 ]
 [ 9.13094   10.026476   0.         9.22574   16.172976  17.805286
  10.305287 ]
 [ 3.8362982  5.552062   9.22574    0.        13.940555  17.166025
  12.589554 ]
 [17.618322  22.5605    16.172976  13.940555   0.         9.509074
  13.031703 ]
 [21.438736  21.44309   17.805286  17.166025   9.509074   0.
  11.284575 ]
 [14.725774  12.979227  10.305287  12.589554  13.031703  11.284575
   0.       ]]

Depth Predictions: 
[16.337885 27.83824  19.634014 19.70432  20.560402 22.177126 16.945713]
