Constructing new results directory at example/results/attnres/BERT-disk-demo-2024-5-19-15-32-45-487161/
Constructing TwoWordPSDProbe
Constructing OneWordPSDProbe

Distance Predictions: 
[[ 0.        18.089298  10.204638  14.73657   14.747088  13.995487
  14.921658  14.56628   10.446549 ]
 [18.089298   0.        15.684682  19.205814  19.303585  18.601954
  16.442911  20.516165  14.574076 ]
 [10.204638  15.684682   0.        12.813715  10.025164   9.13492
  15.3720255 13.439461   7.942536 ]
 [14.73657   19.205814  12.813715   0.         8.514479   9.192171
  16.742636  12.479742  10.852888 ]
 [14.747088  19.303585  10.025164   8.514479   0.         7.4575453
  17.582914  15.0981865 13.294261 ]
 [13.995487  18.601954   9.13492    9.192171   7.4575453  0.
  15.227606   8.134353   7.2207785]
 [14.921658  16.442911  15.3720255 16.742636  17.582914  15.227606
   0.         7.135434  10.912385 ]
 [14.56628   20.516165  13.439461  12.479742  15.0981865  8.134353
   7.135434   0.         7.6491942]
 [10.446549  14.574076   7.942536  10.852888  13.294261   7.2207785
  10.912385   7.6491942  0.       ]]

Depth Predictions: 
[10.558864 11.917235 11.367924 11.501591  9.943583 10.491622 16.558517
  9.621647 12.765576]

Distance Predictions: 
[[ 0.        12.832844  10.295044  13.6857815 15.430885  14.723681
  16.012564 ]
 [12.832844   0.        10.771643   9.422603  21.497778  16.66705
  10.162005 ]
 [10.295044  10.771643   0.         6.634941  14.152487  15.913872
  16.049242 ]
 [13.6857815  9.422603   6.634941   0.         9.310968   9.43325
   8.712    ]
 [15.430885  21.497778  14.152487   9.310968   0.         8.835764
  12.819209 ]
 [14.723681  16.66705   15.913872   9.43325    8.835764   0.
  11.636918 ]
 [16.012564  10.162005  16.049242   8.712     12.819209  11.636918
   0.       ]]

Depth Predictions: 
[10.671219  16.690027  12.098271   7.7395644 10.571325   9.365072
 10.170874 ]
