Constructing new results directory at example/results/attnresln/BERT-disk-demo-2024-5-19-15-46-2-57572/
Constructing TwoWordPSDProbe
Constructing OneWordPSDProbe

Distance Predictions: 
[[ 0.         7.192243  10.887975  12.820853   8.89847   11.781784
   8.113062  11.279033   9.730442 ]
 [ 7.192243   0.         8.446903   9.563638  10.805972  12.36596
   7.355503   9.873303  11.401974 ]
 [10.887975   8.446903   0.         7.1859236  7.57721    6.8227463
   8.331658  10.733804   6.528934 ]
 [12.820853   9.563638   7.1859236  0.        10.827387  10.724617
  11.787043  12.820534  11.547882 ]
 [ 8.89847   10.805972   7.57721   10.827387   0.         4.3892026
   9.917117   6.873465   6.506955 ]
 [11.781784  12.36596    6.8227463 10.724617   4.3892026  0.
   9.41414    8.508469   5.1224313]
 [ 8.113062   7.355503   8.331658  11.787043   9.917117   9.41414
   0.         5.591016   9.538689 ]
 [11.279033   9.873303  10.733804  12.820534   6.873465   8.508469
   5.591016   0.         8.024782 ]
 [ 9.730442  11.401974   6.528934  11.547882   6.506955   5.1224313
   9.538689   8.024782   0.       ]]

Depth Predictions: 
[12.561302 14.854369 14.836365 10.595648 25.731434 18.012339 17.410614
 18.849957 13.380581]

Distance Predictions: 
[[ 0.        10.733307  12.812149   6.648133  16.903505  17.273403
   7.084116 ]
 [10.733307   0.         6.519477   8.845792  20.778976  15.099876
  11.013542 ]
 [12.812149   6.519477   0.         9.777913  20.077475  16.378683
  13.047685 ]
 [ 6.648133   8.845792   9.777913   0.        14.438692  12.514181
   6.7870626]
 [16.903505  20.778976  20.077475  14.438692   0.        13.923626
  14.302443 ]
 [17.273403  15.099876  16.378683  12.514181  13.923626   0.
   9.80689  ]
 [ 7.084116  11.013542  13.047685   6.7870626 14.302443   9.80689
   0.       ]]

Depth Predictions: 
[ 9.4366865 21.210493  21.128475  13.671489  24.221773  12.860291
 13.87192  ]
