Constructing new results directory at example/results/attn/BERT-disk-demo-2024-5-19-13-36-3-341991/
Constructing TwoWordPSDProbe
Constructing OneWordPSDProbe

Distance Predictions: 
[[ 0.       19.116306 15.709949 14.884626 34.474167 32.15298  17.874302
  20.119322 10.003387]
 [19.116306  0.       22.026844 22.23682  40.991783 39.252037 29.84142
  32.54935  24.736582]
 [15.709949 22.026844  0.        5.300485 28.240412 24.931889 12.362928
  14.853774 10.249658]
 [14.884626 22.23682   5.300485  0.       27.06125  27.477064 17.280474
  12.319638  9.089368]
 [34.474167 40.991783 28.240412 27.06125   0.       35.052803 36.54816
  35.364273 30.37776 ]
 [32.15298  39.252037 24.931889 27.477064 35.052803  0.       29.214024
  27.589409 23.945528]
 [17.874302 29.84142  12.362928 17.280474 36.54816  29.214024  0.
  22.58084  16.374748]
 [20.119322 32.54935  14.853774 12.319638 35.364273 27.589409 22.58084
   0.       16.478142]
 [10.003387 24.736582 10.249658  9.089368 30.37776  23.945528 16.374748
  16.478142  0.      ]]

Depth Predictions: 
[19.452839  21.865744   8.4373665  7.3541436 18.89174   14.890221
 11.73908   14.389805   6.8277135]

Distance Predictions: 
[[ 0.        19.236938  23.697803   4.289747  22.941568  11.755728
   7.6079307]
 [19.236938   0.        37.030743  11.157006  38.568264  17.72086
  21.729237 ]
 [23.697803  37.030743   0.        19.413715  33.465923  35.508022
  24.532145 ]
 [ 4.289747  11.157006  19.413715   0.        20.57065   11.550025
   7.1189895]
 [22.941568  38.568264  33.465923  20.57065    0.        30.258125
  18.343943 ]
 [11.755728  17.72086   35.508022  11.550025  30.258125   0.
  12.874894 ]
 [ 7.6079307 21.729237  24.532145   7.1189895 18.343943  12.874894
   0.       ]]

Depth Predictions: 
[ 7.541787  13.670055  18.395315   5.9987435 20.622147  10.871533
  5.689562 ]
