Constructing new results directory at example/results/attnresln/BERT-disk-demo-2024-5-19-15-45-26-672958/
Constructing TwoWordPSDProbe
Constructing OneWordPSDProbe

Distance Predictions: 
[[ 0.        20.413815  12.111726  17.637077  21.939495   7.31539
  20.212374  21.817316   9.448443 ]
 [20.413815   0.        19.139362   8.009266  20.061546  15.22596
  25.520231  26.541773  14.392712 ]
 [12.111726  19.139362   0.         9.763222  15.068409   8.550076
  13.03623   13.078489   6.555929 ]
 [17.637077   8.009266   9.763222   0.        11.133813  11.552137
  17.994135  13.137455   7.4668384]
 [21.939495  20.061546  15.068409  11.133813   0.        12.218598
  20.320013  15.506685  10.539437 ]
 [ 7.31539   15.22596    8.550076  11.552137  12.218598   0.
  15.918205  12.051665   4.4221   ]
 [20.212374  25.520231  13.03623   17.994135  20.320013  15.918205
   0.        16.603909  15.870862 ]
 [21.817316  26.541773  13.078489  13.137455  15.506685  12.051665
  16.603909   0.         9.4268055]
 [ 9.448443  14.392712   6.555929   7.4668384 10.539437   4.4221
  15.870862   9.4268055  0.       ]]

Depth Predictions: 
[24.708464 20.545092 12.134823  8.069588 13.284001 12.128626 15.378277
 15.63466   8.482218]

Distance Predictions: 
[[ 0.         8.407876   8.315224   8.850669  15.385926  15.573656
   8.592204 ]
 [ 8.407876   0.        17.193153   8.282232  17.524437  19.139635
   9.017445 ]
 [ 8.315224  17.193153   0.        15.096319  22.427841  22.460783
  14.821705 ]
 [ 8.850669   8.282232  15.096319   0.        11.850827  13.187692
   4.7984138]
 [15.385926  17.524437  22.427841  11.850827   0.        15.943997
  12.139176 ]
 [15.573656  19.139635  22.460783  13.187692  15.943997   0.
  12.3601   ]
 [ 8.592204   9.017445  14.821705   4.7984138 12.139176  12.3601
   0.       ]]

Depth Predictions: 
[14.0517025 16.360521  19.237885  10.09386   16.077353  10.875369
 10.740173 ]
