Constructing new results directory at example/results/attnres/BERT-disk-demo-2024-5-19-15-32-32-655425/
Constructing TwoWordPSDProbe
Constructing OneWordPSDProbe

Distance Predictions: 
[[ 0.        13.3525915 10.996933  13.1882515 19.533926  22.494349
  14.984413   9.89543    8.899159 ]
 [13.3525915  0.        13.728123  14.295921  21.977283  22.242805
  11.607861  12.382805  12.738162 ]
 [10.996933  13.728123   0.        10.45349    8.942951  11.9795265
  13.952954  10.544533   8.839943 ]
 [13.1882515 14.295921  10.45349    0.        14.19999   16.77285
  18.07647   10.74903    9.533939 ]
 [19.533926  21.977283   8.942951  14.19999    0.         9.575993
  21.672161  11.584912  14.473609 ]
 [22.494349  22.242805  11.9795265 16.77285    9.575993   0.
  20.430403  14.764362  16.498583 ]
 [14.984413  11.607861  13.952954  18.07647   21.672161  20.430403
   0.        14.342364  14.685891 ]
 [ 9.89543   12.382805  10.544533  10.74903   11.584912  14.764362
  14.342364   0.        11.966114 ]
 [ 8.899159  12.738162   8.839943   9.533939  14.473609  16.498583
  14.685891  11.966114   0.       ]]

Depth Predictions: 
[15.755815 16.089216 10.628917  8.130009 16.964949 16.810108 10.208937
 13.349533 10.755378]

Distance Predictions: 
[[ 0.        13.418749   9.656068  13.875342  16.458075  20.234877
   8.926373 ]
 [13.418749   0.         9.182553   6.2356186 16.396023  17.389093
   9.325286 ]
 [ 9.656068   9.182553   0.        10.621691  17.01783   20.803324
  10.813738 ]
 [13.875342   6.2356186 10.621691   0.        13.944671  11.938169
   5.594165 ]
 [16.458075  16.396023  17.01783   13.944671   0.        10.574581
  13.076826 ]
 [20.234877  17.389093  20.803324  11.938169  10.574581   0.
  11.154088 ]
 [ 8.926373   9.325286  10.813738   5.594165  13.076826  11.154088
   0.       ]]

Depth Predictions: 
[ 8.552646 11.009497 13.800636 11.344678 10.869612 13.60943   9.85706 ]
