Constructing new results directory at example/results/attn/BERT-disk-demo-2024-5-19-13-37-6-922161/
Constructing TwoWordPSDProbe
Constructing OneWordPSDProbe

Distance Predictions: 
[[ 0.        30.75313   20.221045  17.729307  18.827908  23.481136
  25.242825  25.695017  15.258078 ]
 [30.75313    0.        17.42501   20.524776  26.738415  21.854258
  20.123804  23.675098  19.665007 ]
 [20.221045  17.42501    0.        10.477099   9.761882  14.384753
  16.200169  21.555792  10.292987 ]
 [17.729307  20.524776  10.477099   0.         9.1695795 16.211504
  13.936243  17.335764  15.188367 ]
 [18.827908  26.738415   9.761882   9.1695795  0.        15.231785
  23.241127  21.940205  14.38766  ]
 [23.481136  21.854258  14.384753  16.211504  15.231785   0.
  23.70117   25.188852  12.448207 ]
 [25.242825  20.123804  16.200169  13.936243  23.241127  23.70117
   0.        22.306704  19.651293 ]
 [25.695017  23.675098  21.555792  17.335764  21.940205  25.188852
  22.306704   0.        15.303314 ]
 [15.258078  19.665007  10.292987  15.188367  14.38766   12.448207
  19.651293  15.303314   0.       ]]

Depth Predictions: 
[13.864901  20.568745   8.786846  11.383235  10.883427  16.598991
 12.3870535 21.074858  10.972189 ]

Distance Predictions: 
[[ 0.        12.6836815 20.687778  11.900343  13.4498625 18.07521
  15.908867 ]
 [12.6836815  0.        19.603834  11.452286  19.165169  23.45476
  13.098894 ]
 [20.687778  19.603834   0.        14.153905  26.684015  36.631237
  23.211895 ]
 [11.900343  11.452286  14.153905   0.        16.751507  17.842329
  10.226008 ]
 [13.4498625 19.165169  26.684015  16.751507   0.        16.881927
  20.634037 ]
 [18.07521   23.45476   36.631237  17.842329  16.881927   0.
  19.816132 ]
 [15.908867  13.098894  23.211895  10.226008  20.634037  19.816132
   0.       ]]

Depth Predictions: 
[11.301036 18.649748 13.872633 10.103488 20.921108 22.113327 15.788743]
