Constructing new results directory at example/results/attnres/BERT-disk-demo-2024-5-19-15-31-44-432777/
Constructing TwoWordPSDProbe
Constructing OneWordPSDProbe

Distance Predictions: 
[[ 0.        18.956244  15.143127  16.929033  22.149393  19.606499
  19.366968  17.781693  15.661113 ]
 [18.956244   0.        16.166725  16.316591  27.513842  22.335224
  26.004534  12.988715  14.967889 ]
 [15.143127  16.166725   0.         9.781279  18.298035  11.660239
  16.767645   9.552067  10.117081 ]
 [16.929033  16.316591   9.781279   0.         8.622799   8.554856
  13.477772   7.3441696  6.0874586]
 [22.149393  27.513842  18.298035   8.622799   0.        16.051157
  26.970402  16.041862  13.852468 ]
 [19.606499  22.335224  11.660239   8.554856  16.051157   0.
  12.542167   8.3619     7.4331594]
 [19.366968  26.004534  16.767645  13.477772  26.970402  12.542167
   0.        16.147505  11.283523 ]
 [17.781693  12.988715   9.552067   7.3441696 16.041862   8.3619
  16.147505   0.         8.782345 ]
 [15.661113  14.967889  10.117081   6.0874586 13.852468   7.4331594
  11.283523   8.782345   0.       ]]

Depth Predictions: 
[14.159354  20.972471   8.621429  11.918192  16.454006  15.507163
  9.9842205 12.658858   8.973123 ]

Distance Predictions: 
[[ 0.        11.78368   11.234732   4.7875113 13.272177  14.113135
   6.2155185]
 [11.78368    0.        13.25198    8.044466  24.246006  23.164019
  13.266054 ]
 [11.234732  13.25198    0.        10.348065  20.515015  21.987951
  10.991986 ]
 [ 4.7875113  8.044466  10.348065   0.        11.544667  12.499868
   5.6843767]
 [13.272177  24.246006  20.515015  11.544667   0.        21.028524
  20.038155 ]
 [14.113135  23.164019  21.987951  12.499868  21.028524   0.
   9.759958 ]
 [ 6.2155185 13.266054  10.991986   5.6843767 20.038155   9.759958
   0.       ]]

Depth Predictions: 
[13.420625 22.098461 14.136089 10.851701 16.601954 16.55283   6.57439 ]
