Constructing new results directory at example/results/attn/BERT-disk-demo-2024-5-19-13-36-24-303750/
Constructing TwoWordPSDProbe
Constructing OneWordPSDProbe

Distance Predictions: 
[[ 0.        16.390854  12.71831   15.962957  34.668697  29.89906
  38.33161   22.110933  16.43425  ]
 [16.390854   0.        17.91593   28.396812  44.189983  32.348217
  36.916748  24.019344  24.921066 ]
 [12.71831   17.91593    0.        10.058469  21.587427  16.322765
  20.669155  14.517725   5.8866415]
 [15.962957  28.396812  10.058469   0.        29.29154   25.851576
  22.976213  15.0646515 11.021151 ]
 [34.668697  44.189983  21.587427  29.29154    0.        19.443413
  22.449755  23.395975  19.40251  ]
 [29.89906   32.348217  16.322765  25.851576  19.443413   0.
  19.701193  17.68368   14.204762 ]
 [38.33161   36.916748  20.669155  22.976213  22.449755  19.701193
   0.        15.639846  15.479727 ]
 [22.110933  24.019344  14.517725  15.0646515 23.395975  17.68368
  15.639846   0.        10.149334 ]
 [16.43425   24.921066   5.8866415 11.021151  19.40251   14.204762
  15.479727  10.149334   0.       ]]

Depth Predictions: 
[16.69781  11.963007  6.973552  8.44795  23.372225 10.900821 15.051369
 15.339242  9.575474]

Distance Predictions: 
[[ 0.        13.844571  14.613258   4.4455376 27.948776  16.803082
   6.058189 ]
 [13.844571   0.        26.114595  11.06362   38.664948  23.968801
  21.522139 ]
 [14.613258  26.114595   0.        18.955063  45.177937  23.612814
  23.759583 ]
 [ 4.4455376 11.06362   18.955063   0.        25.051184  13.212415
   6.5622597]
 [27.948776  38.664948  45.177937  25.051184   0.        33.833725
  22.862188 ]
 [16.803082  23.968801  23.612814  13.212415  33.833725   0.
  15.847803 ]
 [ 6.058189  21.522139  23.759583   6.5622597 22.862188  15.847803
   0.       ]]

Depth Predictions: 
[ 6.7746525 11.784612  14.104944   4.4355335 12.166325  11.708893
  7.364285 ]
