Constructing new results directory at example/results/attnres/BERT-disk-demo-2024-5-19-15-32-57-536998/
Constructing TwoWordPSDProbe
Constructing OneWordPSDProbe

Distance Predictions: 
[[ 0.        14.034419  17.548813  10.251929  16.949837  19.214588
  13.510924  17.692507  12.092744 ]
 [14.034419   0.         9.932551  14.228995  18.427267  13.033329
   9.542331  12.044719   8.494694 ]
 [17.548813   9.932551   0.         5.9683175  7.4061904  3.6908352
  12.295145  11.480449   7.8489375]
 [10.251929  14.228995   5.9683175  0.         5.837893   8.363265
  10.417835  10.05261    7.869431 ]
 [16.949837  18.427267   7.4061904  5.837893   0.         5.4096937
  13.031065  12.817817   9.468416 ]
 [19.214588  13.033329   3.6908352  8.363265   5.4096937  0.
  13.1963625 11.868909   6.8327894]
 [13.510924   9.542331  12.295145  10.417835  13.031065  13.1963625
   0.         7.642877   7.139813 ]
 [17.692507  12.044719  11.480449  10.05261   12.817817  11.868909
   7.642877   0.         9.048492 ]
 [12.092744   8.494694   7.8489375  7.869431   9.468416   6.8327894
   7.139813   9.048492   0.       ]]

Depth Predictions: 
[18.682793 21.637787 14.384187 12.80964  16.147554 20.126673 16.503922
 13.302595 16.21484 ]

Distance Predictions: 
[[ 0.         8.303275   9.179168  10.145816  21.043795  18.695223
   9.771255 ]
 [ 8.303275   0.         9.753452  10.303173  27.553658  23.644903
  11.694716 ]
 [ 9.179168   9.753452   0.         7.3027287 18.863174  15.876147
   6.521329 ]
 [10.145816  10.303173   7.3027287  0.        13.54643    8.444081
   6.9022865]
 [21.043795  27.553658  18.863174  13.54643    0.         8.786081
  21.441483 ]
 [18.695223  23.644903  15.876147   8.444081   8.786081   0.
  11.955862 ]
 [ 9.771255  11.694716   6.521329   6.9022865 21.441483  11.955862
   0.       ]]

Depth Predictions: 
[11.172657 16.375614 13.377196 13.477228 13.674606 18.903463 13.027427]
