Constructing new results directory at example/results/attn/BERT-disk-demo-2024-5-19-13-36-34-690277/
Constructing TwoWordPSDProbe
Constructing OneWordPSDProbe

Distance Predictions: 
[[ 0.        25.15857   16.162424  12.652378  18.612904  25.60328
  17.09842   22.03722   13.75839  ]
 [25.15857    0.        16.86383   22.402672  24.143341  32.68859
  22.843937  26.53669   17.175686 ]
 [16.162424  16.86383    0.         7.8103366 14.8842945 27.201468
  15.388264  20.659332   9.495962 ]
 [12.652378  22.402672   7.8103366  0.        15.740259  25.997416
  16.990814  16.731277  13.627796 ]
 [18.612904  24.143341  14.8842945 15.740259   0.        20.00396
  10.359553  21.280176  15.30814  ]
 [25.60328   32.68859   27.201468  25.997416  20.00396    0.
  16.589447  20.113317  17.740616 ]
 [17.09842   22.843937  15.388264  16.990814  10.359553  16.589447
   0.        17.616137  14.587575 ]
 [22.03722   26.53669   20.659332  16.731277  21.280176  20.113317
  17.616137   0.        19.42204  ]
 [13.75839   17.175686   9.495962  13.627796  15.30814   17.740616
  14.587575  19.42204    0.       ]]

Depth Predictions: 
[19.044579  25.443443   9.608133   7.3324375 10.766976  14.994979
  9.362449  19.572643   8.2278385]

Distance Predictions: 
[[ 0.        14.115193  32.35456    9.158787  20.28922   21.36162
  17.55995  ]
 [14.115193   0.        34.592587  10.904535  22.257217  25.990192
  16.540674 ]
 [32.35456   34.592587   0.        21.681694  44.944683  32.43501
  28.612139 ]
 [ 9.158787  10.904535  21.681694   0.        17.803385  14.3383045
   9.77403  ]
 [20.28922   22.257217  44.944683  17.803385   0.        20.895237
  19.779408 ]
 [21.36162   25.990192  32.43501   14.3383045 20.895237   0.
  14.650304 ]
 [17.55995   16.540674  28.612139   9.77403   19.779408  14.650304
   0.       ]]

Depth Predictions: 
[ 6.9558506 17.265455  18.17857    8.895841  13.6288395 17.932978
  9.457385 ]
