Constructing new results directory at example/results/attnresln/BERT-disk-demo-2024-5-19-15-45-49-280764/
Constructing TwoWordPSDProbe
Constructing OneWordPSDProbe

Distance Predictions: 
[[ 0.        18.751545  13.44793   10.97961    9.998593  13.728123
  22.745224  12.803295  11.429966 ]
 [18.751545   0.        15.215715  15.969116  18.574825  18.128124
  16.082136  20.123634  14.935866 ]
 [13.44793   15.215715   0.         7.1717644 13.952018  10.293346
  19.341156  11.649431   8.509759 ]
 [10.97961   15.969116   7.1717644  0.        12.280467  11.722601
  22.45116   11.906571   9.2112665]
 [ 9.998593  18.574825  13.952018  12.280467   0.         5.797492
  22.312223  11.161249   9.743789 ]
 [13.728123  18.128124  10.293346  11.722601   5.797492   0.
  22.140509  11.318806   5.938366 ]
 [22.745224  16.082136  19.341156  22.45116   22.312223  22.140509
   0.        14.739063  12.935717 ]
 [12.803295  20.123634  11.649431  11.906571  11.161249  11.318806
  14.739063   0.         8.291153 ]
 [11.429966  14.935866   8.509759   9.2112665  9.743789   5.938366
  12.935717   8.291153   0.       ]]

Depth Predictions: 
[23.251692 16.184216 10.262603 14.181429 19.130789 20.095312 21.330853
 21.26395  11.914599]

Distance Predictions: 
[[ 0.        11.7170725  9.239727   6.5576158 15.99321   14.950659
  12.874354 ]
 [11.7170725  0.        10.957748  10.400528  22.968887  21.148174
  14.09626  ]
 [ 9.239727  10.957748   0.        14.7051735 20.468344  19.671715
  13.444798 ]
 [ 6.5576158 10.400528  14.7051735  0.        16.188051  12.503317
   9.391391 ]
 [15.99321   22.968887  20.468344  16.188051   0.        13.27985
  25.14103  ]
 [14.950659  21.148174  19.671715  12.503317  13.27985    0.
  12.271909 ]
 [12.874354  14.09626   13.444798   9.391391  25.14103   12.271909
   0.       ]]

Depth Predictions: 
[15.068126 23.180405 21.114798 17.248148 22.657188 20.40444  14.65949 ]
