Constructing new results directory at example/results/attnres/BERT-disk-demo-2024-5-19-15-31-20-579311/
Constructing TwoWordPSDProbe
Constructing OneWordPSDProbe

Distance Predictions: 
[[ 0.        11.753804  14.036104  17.84663   27.53342   20.608435
  17.320007  19.19596   15.1972475]
 [11.753804   0.         9.257042  15.889605  20.497118  16.400024
  17.897541  20.540121  11.777897 ]
 [14.036104   9.257042   0.         7.2237177 21.803402  14.476433
  13.259425  14.332285   5.5774465]
 [17.84663   15.889605   7.2237177  0.        25.695446  19.12062
  13.513562  17.955803   7.9003797]
 [27.53342   20.497118  21.803402  25.695446   0.        27.981665
  28.030146  28.709158  24.66757  ]
 [20.608435  16.400024  14.476433  19.12062   27.981665   0.
  15.430594  17.860989  13.580786 ]
 [17.320007  17.897541  13.259425  13.513562  28.030146  15.430594
   0.        14.810959   8.269085 ]
 [19.19596   20.540121  14.332285  17.955803  28.709158  17.860989
  14.810959   0.        15.21183  ]
 [15.1972475 11.777897   5.5774465  7.9003797 24.66757   13.580786
   8.269085  15.21183    0.       ]]

Depth Predictions: 
[12.0518675 14.0854645  6.580623   6.9437575 14.985905  11.29467
  9.655189  17.95305    5.084331 ]

Distance Predictions: 
[[ 0.         9.935433  13.418341   4.797828  28.264885  12.226492
   4.080824 ]
 [ 9.935433   0.        18.938023   7.303254  24.363049  13.257277
  11.1694145]
 [13.418341  18.938023   0.        15.14939   26.71017   18.397337
  12.742533 ]
 [ 4.797828   7.303254  15.14939    0.        19.083664   9.4019165
   5.338937 ]
 [28.264885  24.363049  26.71017   19.083664   0.        22.45182
  26.652834 ]
 [12.226492  13.257277  18.397337   9.4019165 22.45182    0.
  10.032447 ]
 [ 4.080824  11.1694145 12.742533   5.338937  26.652834  10.032447
   0.       ]]

Depth Predictions: 
[ 8.33117   16.09561   14.232533   7.7844214 16.13395    8.349572
  5.281092 ]
