Constructing new results directory at example/results/attnresln/BERT-disk-demo-2024-5-19-15-45-14-774426/
Constructing TwoWordPSDProbe
Constructing OneWordPSDProbe

Distance Predictions: 
[[ 0.        12.908894  10.910111  12.230997  22.404505  26.238968
  24.052658  16.614477  12.277242 ]
 [12.908894   0.        10.462286  13.640125  21.019478  19.341513
  25.74719   19.913502  14.017629 ]
 [10.910111  10.462286   0.         4.4800324 13.517891  13.032692
  18.486599   8.972893   7.1824503]
 [12.230997  13.640125   4.4800324  0.        13.696214  15.029879
  20.525383   9.323482   8.799612 ]
 [22.404505  21.019478  13.517891  13.696214   0.        18.329264
  15.982723  14.284489  16.136612 ]
 [26.238968  19.341513  13.032692  15.029879  18.329264   0.
  20.099716  14.991237  12.8558035]
 [24.052658  25.74719   18.486599  20.525383  15.982723  20.099716
   0.        16.022768  18.389906 ]
 [16.614477  19.913502   8.972893   9.323482  14.284489  14.991237
  16.022768   0.         8.669498 ]
 [12.277242  14.017629   7.1824503  8.799612  16.136612  12.8558035
  18.389906   8.669498   0.       ]]

Depth Predictions: 
[ 9.97627  14.873521 13.466644  8.722841 11.123111  8.992806 16.969833
 13.329778  9.77832 ]

Distance Predictions: 
[[ 0.        11.422138  16.208254  12.137403  17.216633  16.412624
  10.812274 ]
 [11.422138   0.        19.267159   7.0548773 24.191242  20.372396
  18.333353 ]
 [16.208254  19.267159   0.        12.61557   22.909422  16.71786
  15.627916 ]
 [12.137403   7.0548773 12.61557    0.        17.160078  10.701421
   8.540421 ]
 [17.216633  24.191242  22.909422  17.160078   0.        12.198229
  19.049385 ]
 [16.412624  20.372396  16.71786   10.701421  12.198229   0.
   8.105666 ]
 [10.812274  18.333353  15.627916   8.540421  19.049385   8.105666
   0.       ]]

Depth Predictions: 
[10.868305  11.25007   18.048338  11.512231  24.922169   8.5954485
 10.026558 ]
