Constructing new results directory at example/results/attnresln/BERT-disk-demo-2024-5-19-15-44-23-562143/
Constructing TwoWordPSDProbe
Constructing OneWordPSDProbe

Distance Predictions: 
[[ 0.        16.285645  11.805866  15.378314  24.727812  24.950342
  19.040442  19.813387  12.615308 ]
 [16.285645   0.        10.25449   13.136695  18.847746  26.599422
  18.143055  23.288237  16.26818  ]
 [11.805866  10.25449    0.         6.4900765 14.203702  18.601294
   9.214019  12.131726   6.7390695]
 [15.378314  13.136695   6.4900765  0.        16.442604  23.501333
  13.181866  16.59599   11.700467 ]
 [24.727812  18.847746  14.203702  16.442604   0.        16.811996
  15.546242  28.453762  20.506054 ]
 [24.950342  26.599422  18.601294  23.501333  16.811996   0.
  18.938892  22.889091  12.425104 ]
 [19.040442  18.143055   9.214019  13.181866  15.546242  18.938892
   0.        21.32504   11.733657 ]
 [19.813387  23.288237  12.131726  16.59599   28.453762  22.889091
  21.32504    0.        14.754569 ]
 [12.615308  16.26818    6.7390695 11.700467  20.506054  12.425104
  11.733657  14.754569   0.       ]]

Depth Predictions: 
[ 7.100263  14.377847   6.944864   7.9322696 14.637749  12.9952755
  8.456833   6.2223473  8.4648075]

Distance Predictions: 
[[ 0.        11.472763  14.0854225  5.9039493 21.317127  12.259184
   8.301505 ]
 [11.472763   0.        12.172831   7.0374656 19.154255  13.41046
   7.045182 ]
 [14.0854225 12.172831   0.         9.389039  20.866829  14.408804
  12.751621 ]
 [ 5.9039493  7.0374656  9.389039   0.        17.70984    6.818938
   4.612519 ]
 [21.317127  19.154255  20.866829  17.70984    0.        18.397736
  12.252966 ]
 [12.259184  13.41046   14.408804   6.818938  18.397736   0.
   5.918213 ]
 [ 8.301505   7.045182  12.751621   4.612519  12.252966   5.918213
   0.       ]]

Depth Predictions: 
[ 8.420334   9.699386  14.209098   8.169467  11.105058   9.553704
  7.9413476]
