Constructing new results directory at example/results/attn/BERT-disk-demo-2024-5-19-13-36-13-823659/
Constructing TwoWordPSDProbe
Constructing OneWordPSDProbe

Distance Predictions: 
[[ 0.        22.768867  26.682901  16.262068  29.358849  40.687653
  30.288416  19.73663   22.751575 ]
 [22.768867   0.        17.983234  16.27127   29.683453  33.706444
  17.59037   22.922506  16.9995   ]
 [26.682901  17.983234   0.         8.130072  21.369448  24.775454
  16.6885    20.466497   7.7704353]
 [16.262068  16.27127    8.130072   0.        21.558027  26.933521
  18.954655  18.836756  10.887008 ]
 [29.358849  29.683453  21.369448  21.558027   0.        31.862082
  23.307905  19.442968  14.145404 ]
 [40.687653  33.706444  24.775454  26.933521  31.862082   0.
  32.533703  28.112652  18.551239 ]
 [30.288416  17.59037   16.6885    18.954655  23.307905  32.533703
   0.        18.852001  13.089382 ]
 [19.73663   22.922506  20.466497  18.836756  19.442968  28.112652
  18.852001   0.        11.702128 ]
 [22.751575  16.9995     7.7704353 10.887008  14.145404  18.551239
  13.089382  11.702128   0.       ]]

Depth Predictions: 
[10.310609 11.918125  5.477289  8.152029 20.81754  16.169102 11.429709
 10.274908  9.002036]

Distance Predictions: 
[[ 0.        13.277646  15.498877   4.2492814 23.367535  10.391299
   7.791091 ]
 [13.277646   0.        26.366877   8.854101  19.161114  20.028727
  14.558567 ]
 [15.498877  26.366877   0.        13.202512  26.989553  27.237173
  19.129229 ]
 [ 4.2492814  8.854101  13.202512   0.        14.221251   9.287798
   6.9149995]
 [23.367535  19.161114  26.989553  14.221251   0.        27.003794
  23.957714 ]
 [10.391299  20.028727  27.237173   9.287798  27.003794   0.
  10.207142 ]
 [ 7.791091  14.558567  19.129229   6.9149995 23.957714  10.207142
   0.       ]]

Depth Predictions: 
[ 6.206107  9.546246 16.634674  4.547376 13.874132 13.144072  6.131402]
